1
251
2
93
4
146
4
112
4
223
6
172
6
273
8
37
9
5
9
102
7
175
3
142
6
96
2
31
8
88
6
42
9
159
3
100
3
236
4
49
0
155
4
22
4
5
8
149
8
230
5
246
0
91
6
253
6
111
0
32
5
38
1
273
2
132
5
160
9
132
1
296
0
96
7
297
3
219
7
182
7
242
7
100
3
248
2
272
7
186
3
219
2
259
9
192
7
120
7
136
2
56
6
148
9
38
7
81
1
23
6
198
0
95
5
297
3
101
4
230
0
187
0
31
5
183
0
243
6
244
3
4
8
166
6
183
3
252
5
115
3
189
5
220
7
86
1
172
8
297
7
224
4
274
3
139
8
257
0
221
3
147
7
153
9
57
1
288
4
236
1
274
4
7
4
160
7
252
4
149
5
132
3
200
0
4
8
34
1
225
2
227
1
279
2
130
7
176
0
279
